function[lx,ly] = Indc(xref,yref)

lx1=[0.516782446	0.510262809	0.729502484	0.947955307	0.825813269	0.519008116	0.221802567	0.045052944	0.21647445	0.537870102	0.689417954	0.874081068	0.940086779	0.869809582	0.690474585	0.460623637	0.248173377	0.037184416	0.072772644	0.217418673	0.429194488	0.572716441	0.808232729	0.916840898	0.93176862	0.820237854	0.71751984	0.504395135	0.308895933	0.12277152	0.056653403	0.168071761	0.371259639	0.523594344	0.826465232	0.951687237	0.889773162	0.735977159	0.498100312	0.516782446 
];
ly1=[4.980216272	4.210899036	4.081180729	3.85861379	3.445853286	3.24284526	3.172590544	3.316134979	3.543872665	3.46855961	3.351206133	3.141453654	2.93012747	2.637418224	2.475888582	2.353476765	2.284346125	2.387648659	2.587059643	2.655291023	2.644837121	2.580427598	2.371349565	2.187113599	1.948584789	1.787954407	1.667228704	1.518513523	1.449607698	1.486927003	1.684989096	1.832355388	1.808524988	1.784020143	1.522785009	1.298981588	0.993120658	0.845192329	0.775724467	0.032823003
];
%0.483329961
lx = xref+lx1;
ly = yref+ly1;